1923.752749
1159.948390
1284.992082
29.758347
451.101727
871.615914
1554.627017
301.439180
604.638873
1712.733513
1367.398094
1307.158127
49.572518
807.109605
1406.563186
1424.940950
1178.093206
1004.530210
1195.519498
236.997438
844.055012
271.357976
744.425323
803.207953
28.774432
452.683824
76.735812
797.099461
846.106102
688.290553
994.486532
346.083114
648.409523
375.213859
861.013984
992.439893
625.183177
1216.146068
1378.969924
527.379615
462.302008
535.826002
422.998258
390.929517
1025.240656
1320.795737
1508.792759
62.791690
342.653895
378.996522
902.336013
989.601432
363.072314
1631.988937
879.482512
2255.419960
399.240240
1537.555988
805.540386
892.131443
18.486980
1114.927119
1598.642546
1604.942928
223.406534
53.881090
251.589564
1555.661184
971.803702
2326.015633
1411.593120
44.200339
1417.998280
515.835002
1037.945929
890.565230
279.138848
667.230411
86.330737
808.685445
51.319380
758.205862
1008.163583
1158.041430
1399.138250
298.783545
998.837387
1364.832296
1229.857246
56.920984
962.688396
437.686689
868.898902
62.300079
1884.968529
1353.430060
849.186105
1192.621092
100.378870
387.878227
844.154575
1198.691801
115.508091
892.373272
1835.082971
2161.128226
117.953753
505.005108
622.209168
26.370508
1260.673280
1305.263394
890.798396
420.308996
591.321261
586.140520
583.540953
1393.904301
2432.567402
875.417077
1754.479670
687.660979
368.980667
421.028989
637.208383
1502.673398
499.595817
712.212425
640.752969
142.810577
1268.243633
854.242834
1058.889213
1948.282467
473.937750
148.807166
677.856649
822.426265
394.127469
812.321070
905.631802
324.979412
137.524616
1566.844118
603.652833
1393.534504
1180.144649
2.963905
328.646537
1276.449022
2803.737728
18.292913
1612.291572
1695.113572
90.327973
31.915961
625.705510
762.269883
941.320079
373.551020
332.382334
508.984178
322.093852
18.278225
379.788932
215.757644
724.988828
1568.412398
1014.284424
441.977258
578.904773
353.957351
570.826447
177.992441
295.346433
523.536058
132.243405
293.059097
502.249353
1356.610507
822.838070
189.123266
509.797223
550.285988
205.457133
734.300427
1180.305544
858.402012
668.642868
470.752530
604.577590
1077.324950
223.714702
236.897045
136.059129
666.468951
880.491236
784.603024
547.506472
608.438655
823.689738
614.436506
1230.980714
834.356843
895.822328
93.289395
199.245016
310.356108
144.849322
1220.886338
645.079658
621.898080
1579.160643
422.856710
248.782517
618.239901
118.699800
393.830357
880.159574
647.795673
1646.415938
282.206842
1337.134230
664.150734
747.419517
736.206908
303.530089
995.667358
780.955109
305.160759
179.414392
204.906673
526.689883
759.601602
902.048554
147.134651
640.788067
10.030718
707.361030
595.508462
175.021310
1222.222839
496.416685
899.006571
52.095116
1609.047115
112.565584
1112.626550
1605.154994
2015.539379
1749.780951
1149.409251
1512.478213
132.917689
49.206406
680.075561
16.485352
1494.045825
507.592994
498.884549
1368.918496
945.713620
54.047787
11.160567
22.988621
1670.625496
365.077204
430.989959
330.369993
1830.550424
1425.959028
1016.915908
1815.443764
1943.391988
1342.980934
362.716266
796.218947
1596.208153
838.715022
552.014519
85.622648
1610.250984
1637.285841
1777.870740
661.065977
29.440461
721.840963
575.166736
2823.462866
1924.492699
113.240954
501.862184
50.749743
101.708768
456.356475
662.355145
549.133862
672.762433
951.602917
1600.988131
1830.141630
2277.368572
638.399162
432.165959
99.015876
696.925002
1039.789530
1034.825671
175.184454
925.277659
605.052141
382.021704
1755.190849
411.605995
1316.869737
610.653263
3184.365797
1428.185524
633.520728
561.171787
908.100675
905.581145
60.087908
314.699617
743.083945
1107.913613
1031.448238
261.211495
279.413054
599.666792
239.990860
1168.916562
177.496158
1713.020718
172.338398
668.897325
540.019963
1540.029576
1199.211520
29.614089
106.285275
1410.595481
676.768705
497.633817
765.582830
2890.808129
1394.105205
730.105125
483.644032
997.591947
217.909529
1216.723613
1063.128063
511.717447
620.354007
800.271932
875.428630
85.222190
841.949131
1441.905220
1773.076662
290.751128
902.035303
209.150997
663.903271
449.198283
600.622072
625.910394
1595.231686
786.197947
174.835420
463.302343
1598.357061
350.938074
175.269179
22.564008
205.525183
1131.815375
62.222413
788.184871
237.324478
2152.595410
1379.513851
1217.811867
138.789903
553.215490
1066.262824
549.751888
270.699650
1498.124016
90.223263
690.247978
738.929248
1996.192824
1693.033057
2181.089539
338.840527
1478.882764
286.954511
1067.172846
1086.470266
57.005560
670.843899
39.626775
180.228340
1314.469450
527.556200
1094.185204
366.035092
1454.545108
228.569526
1043.098157
924.566358
1181.139573
1804.779761
2012.526801
2093.862879
679.215152
184.677348
679.915610
545.439015
1261.203293
345.937986
980.178648
82.013524
129.944314
373.706543
119.986408
358.266595
1391.862755
2349.516021
1768.666323
362.463933
1244.075823
170.937046
1035.388839
163.515436
1072.880317
1478.594742
660.382726
1100.404062
2428.233533
153.581869
386.265642
201.501438
519.141216
506.152542
386.197863
330.921428
1344.862709
1409.954448
210.088938
442.679012
375.442396
606.864039
71.578568
1270.896915
1725.168988
191.530667
1933.233968
915.110005
543.648258
1531.002151
491.515152
93.789181
502.826773
834.734401
1782.109288
993.806086
92.165373
1029.356438
385.036812
678.317063
501.109819
484.641154
733.440814
522.730857
1905.396226
918.613985
583.427091
44.327301
1448.651774
217.275466
17.058492
360.446604
228.990213
14.967459
1569.640227
44.886468
223.360181
1173.867981
993.582010
965.071528
6.329795
104.612165
796.120814
408.376297
768.460706
950.934580
217.791269
1434.978963
373.676661
242.603270
1622.886882
1209.014483
156.053950
275.557087
671.087320
614.274986
721.209662
2246.177374
1416.668441
119.091856
125.774769
141.598123
876.917395
24.933838
1726.867429
1758.540958
856.885900
331.101110
792.920831
2422.714655
1534.289393
961.864149
596.971407
1517.404110
10.581441
1293.008852
1001.616552
590.124114
183.268816
478.956985
403.826785
1238.211588
49.907645
466.306289
1040.529899
1114.377021
273.021626
1433.899894
1575.275346
1396.234201
827.026078
1831.389914
651.443935
95.633803
1031.185292
1055.993532
185.477585
359.447679
1167.580607
45.495020
1682.322329
446.523067
1299.695642
19.181422
90.399503
208.383574
1839.926910
384.601556
13.197715
1327.781259
1125.048732
961.034261
51.213354
386.272664
42.736927
220.058937
637.398441
65.940771
1068.901434
1691.700735
2103.880481
620.075390
969.919021
259.481897
711.511112
772.367742
398.448637
376.366579
984.909026
212.639882
1622.957216
313.705164
1387.954429
167.413034
1502.457518
145.730060
1243.252836
237.278879
1005.352750
509.710474
766.642609
439.785898
1695.199355
343.040507
224.434222
221.255175
906.092101
1675.282607
777.764525
314.505541
417.994519
1229.577556
725.037272
422.479217
1898.269634
163.003989
1213.298470
2360.412242
403.237413
912.380600
476.940151
2249.243707
657.186489
287.775808
673.759768
782.708628
757.578192
834.203289
401.285534
162.603071
1136.464783
438.272726
1099.755940
11.064755
689.339679
1060.892888
1764.778237
1470.498995
1557.247479
594.541839
1113.901382
655.763562
1084.245129
1105.042681
1185.744077
2009.735334
643.762807
494.296690
761.274283
996.738076
1729.931052
93.194311
832.515185
456.033069
1031.050613
1275.992223
2126.277653
1358.145700
593.816213
1235.312211
229.103335
915.753293
376.066848
140.103815
188.315796
377.807470
448.255898
1294.069179
801.850346
1336.636274
78.747703
259.664248
1509.296141
14.541887
600.235952
991.155068
215.059902
1950.282014
618.140003
908.635421
412.790681
601.251119
751.914160
961.243081
324.274028
1580.043337
1117.968584
449.707086
1428.964210
319.010372
719.180938
675.470696
1091.661476
1712.502757
107.258981
427.921392
675.635940
63.459435
1182.967340
190.545792
209.500266
796.285413
204.538827
1523.180333
381.903893
891.063988
225.073754
1399.014732
1591.189266
1802.175401
1367.285002
1684.300685
911.825100
394.477284
1730.043328
1248.729216
839.646286
360.964607
470.167592
358.499080
438.816327
749.389108
355.569153
1089.279413
562.454128
663.034004
1272.949528
1035.485659
123.372124
294.729671
3637.105047
896.819106
236.376813
100.559111
206.413354
1690.974782
484.667436
445.416964
7.339001
1050.161260
142.634956
599.864555
1059.460120
143.732778
451.289484
592.241930
499.968862
2315.973863
269.331517
1396.189455
286.263544
682.034456
112.737965
1238.967921
1006.974807
529.562295
588.224611
2171.374815
360.698878
67.508792
208.844710
810.905480
607.358402
1075.959574
137.378235
544.925465
211.510304
562.193050
705.182532
1054.361111
845.332226
1204.383491
799.215380
948.782246
977.898092
1028.350263
455.933563
176.062724
267.650389
767.325586
2002.593037
489.793480
671.935576
1518.926610
574.499896
1855.500956
1155.419716
1568.368331
634.725851
24.165947
597.572291
1137.749980
23.981693
1172.042688
172.961416
258.918145
1985.609420
369.322441
481.792646
55.832385
745.002198
2678.852031
356.478300
532.557217
1096.986155
716.507242
110.902324
281.782123
372.664719
82.820475
649.587259
1419.084584
390.763541
1082.857897
1323.349570
1701.850563
345.921756
103.639523
1673.210937
69.525038
1261.498585
1419.798019
200.762086
208.061089
323.811861
59.486430
25.525805
523.591129
1278.569657
146.085640
726.098122
438.698015
579.146580
378.118037
900.724970
209.404919
1014.874879
809.628878
921.721267
1501.223875
774.292868
1586.934640
412.495478
36.376145
1639.110973
257.921877
1272.920677
1995.393040
7.200918
20.218056
1610.812743
338.197157
641.595975
1105.528259
789.606916
737.979562
125.401384
1193.686445
1288.541909
301.420799
1210.736420
2190.620838
734.833110
729.671451
51.361877
241.776424
370.174180
417.268223
423.856670
898.333290
525.927969
2188.877566
274.406523
1345.229159
1304.144754
304.599803
744.364218
288.799139
434.269863
1050.393985
809.704903
901.994479
710.902599
441.625312
1512.452835
56.582172
65.436613
175.491121
532.428794
615.165178
675.158810
730.751994
2123.218391
703.084273
1102.152312
517.733574
224.117161
16.470248
1617.405581
480.541027
1423.663157
2882.901650
1385.715770
1836.192819
514.959267
36.373502
1067.505998
1566.998536
741.289469
198.289443
2583.971255
1005.032577
200.016773
1514.513997
1048.026857
1595.963278
281.018003
1204.040933
754.169901
1572.627513
108.397629
2067.832842
454.178408
540.205410
1108.956875
135.805531
440.469838
436.937415
572.795417
1294.194373
1915.552004
1400.446874
184.777531
105.539494
2321.472180
784.119536
126.836540
1282.413769
536.307742
1929.561685
1644.436025
1125.988915
407.967534
776.589559
81.608341
168.246002
1245.209514
1925.752535
873.008225
967.075127
1535.509943
5.317378
556.174202
975.557707
107.766737
21.476297
1259.985176
302.471944
476.047226
31.942374
331.883083
632.061276
1042.462714
3439.750415
1394.823887
162.921171
1257.249151
1360.210462
1838.702863
54.118979
591.297255
1045.354275
2394.440396
1373.857128
1215.431762
1114.024080
141.145423
879.221522
1144.669298
1028.457778
491.841192
177.085963
227.140283
76.656823
262.431465
248.757650
467.959703
1003.918542
1087.926152
481.018029
165.955829
245.378859
831.029044
725.402980
214.202121
592.732451
462.258923
1034.693750
628.827799
266.305594
221.111293
2431.583916
835.865814
462.963399
322.167415
985.340681
1379.125165
